	(Ângulo de Ataque)			  (Coef. de Lift)			  (Coef. de Drag)


  -2.0000000000000000e+01	  -3.0789999999999973e-01	   2.6300000000000000e-02	
  -1.9899999999999999e+01	  -3.2357935979999997e-01	   2.6182220299999996e-02	
  -1.9800000000000001e+01	  -3.3893887679999957e-01	   2.6064882399999999e-02	
  -1.9699999999999999e+01	  -3.5398070379999969e-01	   2.5947988099999996e-02	
  -1.9600000000000001e+01	  -3.6870698879999930e-01	   2.5831539200000003e-02	
  -1.9500000000000000e+01	  -3.8311987499999989e-01	   2.5715537499999996e-02	
  -1.9399999999999999e+01	  -3.9722150080000029e-01	   2.5599984799999996e-02	
  -1.9300000000000001e+01	  -4.1101399979999986e-01	   2.5484882899999999e-02	
  -1.9199999999999999e+01	  -4.2449950080000021e-01	   2.5370233599999997e-02	
  -1.9100000000000001e+01	  -4.3768012779999987e-01	   2.5256038700000004e-02	
  -1.9000000000000000e+01	  -4.5055799999999968e-01	   2.5142299999999999e-02	
  -1.8899999999999999e+01	  -4.6313523180000005e-01	   2.5029019299999997e-02	
  -1.8800000000000001e+01	  -4.7541393279999988e-01	   2.4916198399999999e-02	
  -1.8699999999999999e+01	  -4.8739620779999970e-01	   2.4803839099999999e-02	
  -1.8600000000000001e+01	  -4.9908415679999962e-01	   2.4691943199999997e-02	
  -1.8500000000000000e+01	  -5.1047987499999958e-01	   2.4580512499999999e-02	
  -1.8399999999999999e+01	  -5.2158545279999979e-01	   2.4469548799999997e-02	
  -1.8300000000000001e+01	  -5.3240297579999984e-01	   2.4359053900000000e-02	
  -1.8199999999999999e+01	  -5.4293452480000004e-01	   2.4249029599999999e-02	
  -1.8100000000000001e+01	  -5.5318217579999984e-01	   2.4139477700000002e-02	
  -1.8000000000000000e+01	  -5.6314800000000009e-01	   2.4030400000000000e-02	
  -1.7899999999999999e+01	  -5.7283406380000013e-01	   2.3921798299999998e-02	
  -1.7800000000000001e+01	  -5.8224242879999977e-01	   2.3813674399999998e-02	
  -1.7699999999999999e+01	  -5.9137515180000000e-01	   2.3706030099999997e-02	
  -1.7600000000000001e+01	  -6.0023428479999963e-01	   2.3598867199999998e-02	
  -1.7500000000000000e+01	  -6.0882187499999973e-01	   2.3492187499999997e-02	
  -1.7399999999999999e+01	  -6.1713996479999988e-01	   2.3385992799999998e-02	
  -1.7300000000000001e+01	  -6.2519059179999970e-01	   2.3280284899999996e-02	
  -1.7199999999999999e+01	  -6.3297578879999949e-01	   2.3175065599999996e-02	
  -1.7100000000000001e+01	  -6.4049758380000010e-01	   2.3070336699999999e-02	
  -1.7000000000000000e+01	  -6.4775799999999972e-01	   2.2966099999999996e-02	
  -1.6899999999999999e+01	  -6.5475905579999993e-01	   2.2862357299999997e-02	
  -1.6800000000000001e+01	  -6.6150276479999992e-01	   2.2759110399999997e-02	
  -1.6699999999999999e+01	  -6.6799113579999980e-01	   2.2656361099999998e-02	
  -1.6600000000000001e+01	  -6.7422617279999975e-01	   2.2554111200000001e-02	
  -1.6500000000000000e+01	  -6.8020987499999974e-01	   2.2452362499999996e-02	
  -1.6399999999999999e+01	  -6.8594423680000005e-01	   2.2351116799999998e-02	
  -1.6300000000000001e+01	  -6.9143124779999987e-01	   2.2250375900000001e-02	
  -1.6199999999999999e+01	  -6.9667289280000000e-01	   2.2150141599999999e-02	
  -1.6100000000000001e+01	  -7.0167115179999995e-01	   2.2050415699999999e-02	
  -1.6000000000000000e+01	  -7.0642799999999994e-01	   2.1951199999999997e-02	
  -1.5899999999999999e+01	  -7.1094540779999982e-01	   2.1852496299999996e-02	
  -1.5800000000000001e+01	  -7.1522534079999989e-01	   2.1754306399999999e-02	
  -1.5699999999999999e+01	  -7.1926975980000007e-01	   2.1656632099999996e-02	
  -1.5600000000000000e+01	  -7.2308062079999991e-01	   2.1559475199999997e-02	
  -1.5500000000000000e+01	  -7.2665987499999984e-01	   2.1462837499999998e-02	
  -1.5399999999999999e+01	  -7.3000946879999973e-01	   2.1366720799999996e-02	
  -1.5300000000000001e+01	  -7.3313134379999989e-01	   2.1271126899999999e-02	
  -1.5199999999999999e+01	  -7.3602743679999982e-01	   2.1176057599999999e-02	
  -1.5100000000000000e+01	  -7.3869967979999995e-01	   2.1081514699999998e-02	
  -1.5000000000000000e+01	  -7.4114999999999986e-01	   2.0987499999999999e-02	
  -1.4899999999999999e+01	  -7.4338031979999986e-01	   2.0894015299999999e-02	
  -1.4800000000000001e+01	  -7.4539255679999983e-01	   2.0801062400000001e-02	
  -1.4699999999999999e+01	  -7.4718862379999973e-01	   2.0708643099999997e-02	
  -1.4600000000000000e+01	  -7.4877042880000000e-01	   2.0616759200000001e-02	
  -1.4500000000000000e+01	  -7.5013987500000001e-01	   2.0525412500000000e-02	
  -1.4399999999999999e+01	  -7.5129886080000008e-01	   2.0434604799999995e-02	
  -1.4300000000000001e+01	  -7.5224927980000011e-01	   2.0344337899999999e-02	
  -1.4199999999999999e+01	  -7.5299302079999986e-01	   2.0254613599999999e-02	
  -1.4100000000000000e+01	  -7.5353196779999998e-01	   2.0165433699999999e-02	
  -1.4000000000000000e+01	  -7.5386799999999987e-01	   2.0076799999999999e-02	
  -1.3899999999999999e+01	  -7.5400299180000008e-01	   1.9988714299999998e-02	
  -1.3800000000000001e+01	  -7.5393881280000008e-01	   1.9901178400000000e-02	
  -1.3699999999999999e+01	  -7.5367732779999985e-01	   1.9814194099999998e-02	
  -1.3600000000000000e+01	  -7.5322039679999986e-01	   1.9727763199999998e-02	
  -1.3500000000000000e+01	  -7.5256987499999994e-01	   1.9641887500000000e-02	
  -1.3399999999999999e+01	  -7.5172761279999978e-01	   1.9556568799999997e-02	
  -1.3300000000000001e+01	  -7.5069545579999997e-01	   1.9471808899999998e-02	
  -1.3199999999999999e+01	  -7.4947524479999983e-01	   1.9387609599999998e-02	
  -1.3100000000000000e+01	  -7.4806881579999984e-01	   1.9303972699999998e-02	
  -1.3000000000000000e+01	  -7.4647799999999986e-01	   1.9220899999999999e-02	
  -1.2899999999999999e+01	  -7.4470462379999980e-01	   1.9138393299999997e-02	
  -1.2800000000000001e+01	  -7.4275050879999982e-01	   1.9056454399999999e-02	
  -1.2699999999999999e+01	  -7.4061747179999993e-01	   1.8975085099999997e-02	
  -1.2600000000000000e+01	  -7.3830732479999994e-01	   1.8894287199999998e-02	
  -1.2500000000000000e+01	  -7.3582187499999996e-01	   1.8814062499999999e-02	
  -1.2399999999999999e+01	  -7.3316292479999989e-01	   1.8734412799999996e-02	
  -1.2300000000000001e+01	  -7.3033227179999993e-01	   1.8655339899999998e-02	
  -1.2199999999999999e+01	  -7.2733170879999964e-01	   1.8576845599999996e-02	
  -1.2100000000000000e+01	  -7.2416302379999997e-01	   1.8498931699999999e-02	
  -1.2000000000000000e+01	  -7.2082799999999991e-01	   1.8421599999999996e-02	
  -1.1900000000000000e+01	  -7.1732841580000006e-01	   1.8344852299999999e-02	
  -1.1799999999999999e+01	  -7.1366604479999973e-01	   1.8268690399999996e-02	
  -1.1699999999999999e+01	  -7.0984265579999983e-01	   1.8193116099999997e-02	
  -1.1600000000000000e+01	  -7.0586001279999977e-01	   1.8118131199999998e-02	
  -1.1500000000000000e+01	  -7.0171987500000010e-01	   1.8043737499999997e-02	
  -1.1400000000000000e+01	  -6.9742399680000011e-01	   1.7969936799999999e-02	
  -1.1299999999999999e+01	  -6.9297412780000001e-01	   1.7896730899999998e-02	
  -1.1199999999999999e+01	  -6.8837201279999982e-01	   1.7824121599999999e-02	
  -1.1100000000000000e+01	  -6.8361939179999986e-01	   1.7752110699999997e-02	
  -1.1000000000000000e+01	  -6.7871799999999982e-01	   1.7680700000000001e-02	
  -1.0900000000000000e+01	  -6.7366956780000009e-01	   1.7609891300000000e-02	
  -1.0799999999999999e+01	  -6.6847582080000001e-01	   1.7539686399999997e-02	
  -1.0699999999999999e+01	  -6.6313847979999985e-01	   1.7470087099999997e-02	
  -1.0600000000000000e+01	  -6.5765926079999992e-01	   1.7401095200000001e-02	
  -1.0500000000000000e+01	  -6.5203987499999994e-01	   1.7332712500000000e-02	
  -1.0399999999999999e+01	  -6.4628202879999963e-01	   1.7264940799999996e-02	
  -1.0299999999999999e+01	  -6.4038742379999991e-01	   1.7197781899999997e-02	
  -1.0199999999999999e+01	  -6.3435775679999995e-01	   1.7131237599999998e-02	
  -1.0100000000000000e+01	  -6.2819471979999986e-01	   1.7065309700000000e-02	
  -1.0000000000000000e+01	  -6.2189999999999979e-01	   1.7000000000000001e-02	
  -9.8999999999999986e+00	  -6.1547527979999972e-01	   1.6935310299999999e-02	
  -9.7999999999999989e+00	  -6.0892223679999968e-01	   1.6871242400000000e-02	
  -9.6999999999999993e+00	  -6.0224254379999997e-01	   1.6807798100000000e-02	
  -9.5999999999999996e+00	  -5.9543786880000005e-01	   1.6744979199999999e-02	
  -9.5000000000000000e+00	  -5.8850987499999996e-01	   1.6682787499999997e-02	
  -9.3999999999999986e+00	  -5.8146022079999982e-01	   1.6621224799999997e-02	
  -9.2999999999999989e+00	  -5.7429055979999977e-01	   1.6560292899999999e-02	
  -9.1999999999999993e+00	  -5.6700254079999979e-01	   1.6499993599999999e-02	
  -9.0999999999999996e+00	  -5.5959780780000001e-01	   1.6440328700000000e-02	
  -9.0000000000000000e+00	  -5.5207799999999996e-01	   1.6381299999999998e-02	
  -8.8999999999999986e+00	  -5.4444475179999985e-01	   1.6322909299999997e-02	
  -8.7999999999999989e+00	  -5.3669969279999985e-01	   1.6265158400000000e-02	
  -8.6999999999999993e+00	  -5.2884444779999984e-01	   1.6208049100000000e-02	
  -8.5999999999999996e+00	  -5.2088063679999974e-01	   1.6151583200000000e-02	
  -8.5000000000000000e+00	  -5.1280987499999997e-01	   1.6095762499999999e-02	
  -8.3999999999999986e+00	  -5.0463377279999988e-01	   1.6040588799999998e-02	
  -8.2999999999999989e+00	  -4.9635393579999987e-01	   1.5986063900000000e-02	
  -8.1999999999999993e+00	  -4.8797196479999982e-01	   1.5932189600000000e-02	
  -8.0999999999999996e+00	  -4.7948945579999991e-01	   1.5878967700000000e-02	
  -8.0000000000000000e+00	  -4.7090799999999999e-01	   1.5826399999999997e-02	
  -7.8999999999999986e+00	  -4.6222918379999978e-01	   1.5774488299999997e-02	
  -7.7999999999999989e+00	  -4.5345458879999989e-01	   1.5723234399999998e-02	
  -7.6999999999999993e+00	  -4.4458579179999991e-01	   1.5672640099999999e-02	
  -7.5999999999999996e+00	  -4.3562436479999989e-01	   1.5622707199999999e-02	
  -7.5000000000000000e+00	  -4.2657187499999993e-01	   1.5573437499999999e-02	
  -7.3999999999999986e+00	  -4.1742988479999976e-01	   1.5524832799999999e-02	
  -7.2999999999999989e+00	  -4.0819995179999979e-01	   1.5476894899999998e-02	
  -7.1999999999999993e+00	  -3.9888362879999995e-01	   1.5429625599999998e-02	
  -7.0999999999999996e+00	  -3.8948246379999996e-01	   1.5383026700000000e-02	
  -7.0000000000000000e+00	  -3.7999799999999995e-01	   1.5337099999999999e-02	
  -6.8999999999999986e+00	  -3.7043177579999986e-01	   1.5291847299999998e-02	
  -6.7999999999999989e+00	  -3.6078532479999981e-01	   1.5247270399999999e-02	
  -6.6999999999999993e+00	  -3.5106017579999982e-01	   1.5203371099999998e-02	
  -6.5999999999999996e+00	  -3.4125785279999998e-01	   1.5160151199999999e-02	
  -6.5000000000000000e+00	  -3.3137987499999999e-01	   1.5117612499999999e-02	
  -6.3999999999999986e+00	  -3.2142775679999980e-01	   1.5075756799999999e-02	
  -6.2999999999999989e+00	  -3.1140300779999985e-01	   1.5034585899999998e-02	
  -6.1999999999999993e+00	  -3.0130713279999988e-01	   1.4994101599999999e-02	
  -6.0999999999999996e+00	  -2.9114163179999986e-01	   1.4954305699999998e-02	
  -6.0000000000000000e+00	  -2.8090800000000005e-01	   1.4915200000000000e-02	
  -5.8999999999999986e+00	  -2.7060772779999975e-01	   1.4876786299999998e-02	
  -5.7999999999999989e+00	  -2.6024230079999977e-01	   1.4839066399999998e-02	
  -5.6999999999999993e+00	  -2.4981319979999994e-01	   1.4802042099999999e-02	
  -5.5999999999999996e+00	  -2.3932190079999993e-01	   1.4765715200000000e-02	
  -5.5000000000000000e+00	  -2.2876987499999990e-01	   1.4730087499999999e-02	
  -5.3999999999999986e+00	  -2.1815858879999983e-01	   1.4695160799999999e-02	
  -5.2999999999999989e+00	  -2.0748950379999986e-01	   1.4660936899999999e-02	
  -5.1999999999999993e+00	  -1.9676407679999985e-01	   1.4627417600000000e-02	
  -5.0999999999999996e+00	  -1.8598375979999993e-01	   1.4594604700000000e-02	
  -5.0000000000000000e+00	  -1.7514999999999992e-01	   1.4562499999999999e-02	
  -4.8999999999999986e+00	  -1.6426423979999982e-01	   1.4531105300000000e-02	
  -4.7999999999999989e+00	  -1.5332791679999991e-01	   1.4500422399999999e-02	
  -4.6999999999999993e+00	  -1.4234246379999982e-01	   1.4470453099999999e-02	
  -4.5999999999999996e+00	  -1.3130930879999991e-01	   1.4441199199999999e-02	
  -4.5000000000000000e+00	  -1.2022987500000004e-01	   1.4412662499999999e-02	
  -4.3999999999999986e+00	  -1.0910558079999977e-01	   1.4384844799999999e-02	
  -4.2999999999999989e+00	  -9.7937839799999926e-02	   1.4357747899999999e-02	
  -4.1999999999999993e+00	  -8.6728060799999895e-02	   1.4331373599999999e-02	
  -4.0999999999999996e+00	  -7.5477647799999936e-02	   1.4305723699999998e-02	
  -4.0000000000000000e+00	  -6.4187999999999967e-02	   1.4280800000000000e-02	
  -3.8999999999999986e+00	  -5.2860511799999843e-02	   1.4256604300000000e-02	
  -3.8000000000000007e+00	  -4.1496572800000020e-02	   1.4233138399999999e-02	
  -3.6999999999999993e+00	  -3.0097567799999891e-02	   1.4210404099999999e-02	
  -3.5999999999999979e+00	  -1.8664876799999730e-02	   1.4188403199999998e-02	
  -3.5000000000000000e+00	  -7.1998749999999667e-03	   1.4167137500000000e-02	
  -3.3999999999999986e+00	   4.2960672000001976e-03	   1.4146608799999998e-02	
  -3.3000000000000007e+00	   1.5821584199999905e-02	   1.4126818899999999e-02	
  -3.1999999999999993e+00	   2.7375315200000139e-02	   1.4107769599999999e-02	
  -3.0999999999999979e+00	   3.8955904200000280e-02	   1.4089462699999999e-02	
  -3.0000000000000000e+00	   5.0561999999999996e-02	   1.4071899999999998e-02	
  -2.8999999999999986e+00	   6.2192256200000184e-02	   1.4055083299999998e-02	
  -2.8000000000000007e+00	   7.3845331199999920e-02	   1.4039014399999999e-02	
  -2.6999999999999993e+00	   8.5519888200000116e-02	   1.4023695099999999e-02	
  -2.5999999999999979e+00	   9.7214595200000253e-02	   1.4009127199999999e-02	
  -2.5000000000000000e+00	   1.0892812500000004e-01	   1.3995312499999999e-02	
  -2.3999999999999986e+00	   1.2065915520000020e-01	   1.3982252799999999e-02	
  -2.3000000000000007e+00	   1.3240636819999996e-01	   1.3969949899999999e-02	
  -2.1999999999999993e+00	   1.4416845120000010e-01	   1.3958405599999999e-02	
  -2.0999999999999979e+00	   1.5594409620000027e-01	   1.3947621699999999e-02	
  -2.0000000000000000e+00	   1.6773200000000002e-01	   1.3937600000000000e-02	
  -1.8999999999999986e+00	   1.7953086420000020e-01	   1.3928342299999999e-02	
  -1.8000000000000007e+00	   1.9133939519999993e-01	   1.3919850399999999e-02	
  -1.6999999999999993e+00	   2.0315630420000011e-01	   1.3912126100000000e-02	
  -1.5999999999999979e+00	   2.1498030720000028e-01	   1.3905171199999998e-02	
  -1.5000000000000000e+00	   2.2681012500000000e-01	   1.3898987500000000e-02	
  -1.3999999999999986e+00	   2.3864448320000020e-01	   1.3893576800000000e-02	
  -1.3000000000000007e+00	   2.5048211219999994e-01	   1.3888940899999999e-02	
  -1.1999999999999993e+00	   2.6232174720000012e-01	   1.3885081600000000e-02	
  -1.0999999999999979e+00	   2.7416212820000030e-01	   1.3882000699999999e-02	
  -1.0000000000000000e+00	   2.8600200000000003e-01	   1.3879700000000000e-02	
  -8.9999999999999858e-01	   2.9784011220000017e-01	   1.3878181299999999e-02	
  -7.9999999999999716e-01	   3.0967521920000035e-01	   1.3877446400000000e-02	
  -6.9999999999999929e-01	   3.2150608020000010e-01	   1.3877497099999999e-02	
  -5.9999999999999787e-01	   3.3333145920000029e-01	   1.3878335200000000e-02	
  -5.0000000000000000e-01	   3.4515012500000003e-01	   1.3879962499999999e-02	
  -3.9999999999999858e-01	   3.5696085120000021e-01	   1.3882380800000000e-02	
  -2.9999999999999716e-01	   3.6876241620000033e-01	   1.3885591899999999e-02	
  -1.9999999999999929e-01	   3.8055360320000009e-01	   1.3889597599999999e-02	
  -9.9999999999997868e-02	   3.9233320020000029e-01	   1.3894399699999999e-02	
   0.0000000000000000e+00	   4.0410000000000001e-01	   1.3899999999999999e-02	
   1.0000000000000142e-01	   4.1585280020000021e-01	   1.3906400300000000e-02	
   2.0000000000000284e-01	   4.2759040320000036e-01	   1.3913602399999999e-02	
   3.0000000000000071e-01	   4.3931161620000009e-01	   1.3921608100000000e-02	
   4.0000000000000213e-01	   4.5101525120000024e-01	   1.3930419199999999e-02	
   5.0000000000000000e-01	   4.6270012500000002e-01	   1.3940037499999999e-02	
   6.0000000000000142e-01	   4.7436505920000016e-01	   1.3950464799999999e-02	
   7.0000000000000284e-01	   4.8600888020000033e-01	   1.3961702899999999e-02	
   8.0000000000000071e-01	   4.9763041920000006e-01	   1.3973753600000000e-02	
   9.0000000000000213e-01	   5.0922851220000021e-01	   1.3986618700000000e-02	
   1.0000000000000000e+00	   5.2080199999999999e-01	   1.4000299999999999e-02	
   1.1000000000000014e+00	   5.3234972820000015e-01	   1.4014799300000000e-02	
   1.2000000000000028e+00	   5.4387054720000028e-01	   1.4030118400000000e-02	
   1.3000000000000007e+00	   5.5536331220000013e-01	   1.4046259100000000e-02	
   1.4000000000000021e+00	   5.6682688320000030e-01	   1.4063223199999999e-02	
   1.5000000000000000e+00	   5.7826012500000001e-01	   1.4081012499999998e-02	
   1.6000000000000014e+00	   5.8966190720000022e-01	   1.4099628800000000e-02	
   1.7000000000000028e+00	   6.0103110420000028e-01	   1.4119073899999999e-02	
   1.8000000000000007e+00	   6.1236659520000014e-01	   1.4139349600000000e-02	
   1.9000000000000021e+00	   6.2366726420000029e-01	   1.4160457700000000e-02	
   2.0000000000000000e+00	   6.3493200000000005e-01	   1.4182400000000000e-02	
   2.1000000000000014e+00	   6.4615969620000013e-01	   1.4205178299999999e-02	
   2.2000000000000028e+00	   6.5734925120000032e-01	   1.4228794400000000e-02	
   2.3000000000000007e+00	   6.6849956820000012e-01	   1.4253250100000000e-02	
   2.4000000000000021e+00	   6.7960955520000033e-01	   1.4278547200000000e-02	
   2.5000000000000000e+00	   6.9067812500000003e-01	   1.4304687500000000e-02	
   2.6000000000000014e+00	   7.0170419520000016e-01	   1.4331672800000000e-02	
   2.7000000000000028e+00	   7.1268668820000025e-01	   1.4359504900000000e-02	
   2.8000000000000007e+00	   7.2362453120000003e-01	   1.4388185599999999e-02	
   2.9000000000000021e+00	   7.3451665620000028e-01	   1.4417716699999999e-02	
   3.0000000000000000e+00	   7.4536200000000008e-01	   1.4448099999999998e-02	
   3.1000000000000014e+00	   7.5615950420000022e-01	   1.4479337299999999e-02	
   3.2000000000000028e+00	   7.6690811520000035e-01	   1.4511430400000001e-02	
   3.3000000000000007e+00	   7.7760678420000007e-01	   1.4544381100000000e-02	
   3.4000000000000021e+00	   7.8825446720000025e-01	   1.4578191200000000e-02	
   3.5000000000000000e+00	   7.9885012499999997e-01	   1.4612862499999999e-02	
   3.6000000000000014e+00	   8.0939272320000022e-01	   1.4648396800000000e-02	
   3.7000000000000028e+00	   8.1988123220000031e-01	   1.4684795900000000e-02	
   3.8000000000000007e+00	   8.3031462720000004e-01	   1.4722061599999999e-02	
   3.9000000000000021e+00	   8.4069188820000018e-01	   1.4760195699999999e-02	
   4.0000000000000000e+00	   8.5101199999999999e-01	   1.4799199999999998e-02	
   4.1000000000000014e+00	   8.6127395220000014e-01	   1.4839076300000000e-02	
   4.2000000000000028e+00	   8.7147673920000024e-01	   1.4879826400000001e-02	
   4.3000000000000007e+00	   8.8161936019999998e-01	   1.4921452100000000e-02	
   4.4000000000000021e+00	   8.9170081920000022e-01	   1.4963955200000000e-02	
   4.5000000000000000e+00	   9.0172012499999998e-01	   1.5007337499999999e-02	
   4.6000000000000014e+00	   9.1167629120000004e-01	   1.5051600800000000e-02	
   4.7000000000000028e+00	   9.2156833620000034e-01	   1.5096746900000001e-02	
   4.8000000000000007e+00	   9.3139528320000009e-01	   1.5142777599999999e-02	
   4.9000000000000021e+00	   9.4115616020000015e-01	   1.5189694699999999e-02	
   5.0000000000000000e+00	   9.5084999999999997e-01	   1.5237499999999999e-02	
   5.1000000000000014e+00	   9.6047584020000021e-01	   1.5286195299999999e-02	
   5.2000000000000028e+00	   9.7003272320000022e-01	   1.5335782400000001e-02	
   5.3000000000000007e+00	   9.7951969620000001e-01	   1.5386263099999999e-02	
   5.4000000000000021e+00	   9.8893581120000029e-01	   1.5437639200000000e-02	
   5.5000000000000000e+00	   9.9828012499999996e-01	   1.5489912500000000e-02	
   5.6000000000000014e+00	   1.0075516992000000e+00	   1.5543084799999999e-02	
   5.7000000000000028e+00	   1.0167496002000003e+00	   1.5597157900000000e-02	
   5.8000000000000007e+00	   1.0258728991999999e+00	   1.5652133600000000e-02	
   5.9000000000000021e+00	   1.0349206722000002e+00	   1.5708013699999999e-02	
   6.0000000000000000e+00	   1.0438920000000000e+00	   1.5764799999999999e-02	
   6.1000000000000014e+00	   1.0527859682000003e+00	   1.5822494300000000e-02	
   6.2000000000000028e+00	   1.0616016672000002e+00	   1.5881098400000002e-02	
   6.3000000000000007e+00	   1.0703381921999999e+00	   1.5940614100000000e-02	
   6.4000000000000021e+00	   1.0789946432000002e+00	   1.6001043200000002e-02	
   6.5000000000000000e+00	   1.0875701250000001e+00	   1.6062387499999997e-02	
   6.6000000000000014e+00	   1.0960637472000001e+00	   1.6124648799999999e-02	
   6.7000000000000028e+00	   1.1044746242000003e+00	   1.6187828899999999e-02	
   6.8000000000000007e+00	   1.1128018752000002e+00	   1.6251929599999999e-02	
   6.9000000000000021e+00	   1.1210446242000001e+00	   1.6316952700000002e-02	
   7.0000000000000000e+00	   1.1292019999999998e+00	   1.6382899999999999e-02	
   7.1000000000000014e+00	   1.1372731362000001e+00	   1.6449773300000001e-02	
   7.2000000000000028e+00	   1.1452571712000004e+00	   1.6517574400000002e-02	
   7.3000000000000007e+00	   1.1531532482000000e+00	   1.6586305100000000e-02	
   7.4000000000000021e+00	   1.1609605152000002e+00	   1.6655967200000000e-02	
   7.5000000000000000e+00	   1.1686781250000000e+00	   1.6726562500000000e-02	
   7.5999999999999979e+00	   1.1763052351999996e+00	   1.6798092799999997e-02	
   7.6999999999999993e+00	   1.1838410081999999e+00	   1.6870559899999998e-02	
   7.7999999999999972e+00	   1.1912846112000000e+00	   1.6943965599999996e-02	
   7.8999999999999986e+00	   1.1986352161999998e+00	   1.7018311699999997e-02	
   8.0000000000000000e+00	   1.2058920000000000e+00	   1.7093600000000000e-02	
   8.0999999999999979e+00	   1.2130541442000000e+00	   1.7169832299999997e-02	
   8.1999999999999993e+00	   1.2201208351999999e+00	   1.7247010399999999e-02	
   8.2999999999999972e+00	   1.2270912641999998e+00	   1.7325136099999996e-02	
   8.3999999999999986e+00	   1.2339646271999998e+00	   1.7404211199999998e-02	
   8.5000000000000000e+00	   1.2407401249999999e+00	   1.7484237499999999e-02	
   8.5999999999999979e+00	   1.2474169632000001e+00	   1.7565216799999998e-02	
   8.6999999999999993e+00	   1.2539943521999999e+00	   1.7647150899999998e-02	
   8.7999999999999972e+00	   1.2604715071999997e+00	   1.7730041599999996e-02	
   8.8999999999999986e+00	   1.2668476481999997e+00	   1.7813890699999998e-02	
   9.0000000000000000e+00	   1.2731219999999999e+00	   1.7898700000000000e-02	
   9.0999999999999979e+00	   1.2792937921999998e+00	   1.7984471299999995e-02	
   9.1999999999999993e+00	   1.2853622591999998e+00	   1.8071206399999998e-02	
   9.2999999999999972e+00	   1.2913266401999999e+00	   1.8158907099999996e-02	
   9.3999999999999986e+00	   1.2971861791999997e+00	   1.8247575199999998e-02	
   9.5000000000000000e+00	   1.3029401250000001e+00	   1.8337212499999998e-02	
   9.5999999999999979e+00	   1.3085877311999998e+00	   1.8427820799999998e-02	
   9.6999999999999993e+00	   1.3141282562000001e+00	   1.8519401899999999e-02	
   9.7999999999999972e+00	   1.3195609631999998e+00	   1.8611957599999996e-02	
   9.8999999999999986e+00	   1.3248851201999998e+00	   1.8705489699999998e-02	
   1.0000000000000000e+01	   1.3300999999999998e+00	   1.8799999999999997e-02	
   1.0099999999999998e+01	   1.3352048801999998e+00	   1.8895490299999998e-02	
   1.0199999999999999e+01	   1.3401990431999999e+00	   1.8991962400000000e-02	
   1.0299999999999997e+01	   1.3450817761999998e+00	   1.9089418099999995e-02	
   1.0399999999999999e+01	   1.3498523711999999e+00	   1.9187859199999997e-02	
   1.0500000000000000e+01	   1.3545101250000000e+00	   1.9287287500000000e-02	
   1.0599999999999998e+01	   1.3590543391999999e+00	   1.9387704799999995e-02	
   1.0699999999999999e+01	   1.3634843202000000e+00	   1.9489112899999998e-02	
   1.0799999999999997e+01	   1.3677993791999998e+00	   1.9591513599999996e-02	
   1.0899999999999999e+01	   1.3719988322000001e+00	   1.9694908699999999e-02	
   1.1000000000000000e+01	   1.3760819999999998e+00	   1.9799299999999999e-02	
   1.1099999999999998e+01	   1.3800482081999998e+00	   1.9904689299999997e-02	
   1.1199999999999999e+01	   1.3838967871999999e+00	   2.0011078399999997e-02	
   1.1299999999999997e+01	   1.3876270721999999e+00	   2.0118469099999994e-02	
   1.1399999999999999e+01	   1.3912384032000000e+00	   2.0226863199999997e-02	
   1.1500000000000000e+01	   1.3947301250000002e+00	   2.0336262500000001e-02	
   1.1599999999999998e+01	   1.3981015871999998e+00	   2.0446668799999995e-02	
   1.1699999999999999e+01	   1.4013521441999999e+00	   2.0558083899999996e-02	
   1.1799999999999997e+01	   1.4044811552000001e+00	   2.0670509599999994e-02	
   1.1899999999999999e+01	   1.4074879841999999e+00	   2.0783947699999996e-02	
   1.2000000000000000e+01	   1.4103720000000002e+00	   2.0898399999999998e-02	
   1.2099999999999998e+01	   1.4131325762000002e+00	   2.1013868299999995e-02	
   1.2199999999999999e+01	   1.4157690912000001e+00	   2.1130354399999995e-02	
   1.2299999999999997e+01	   1.4182809281999997e+00	   2.1247860099999995e-02	
   1.2399999999999999e+01	   1.4206674752000001e+00	   2.1366387199999996e-02	
   1.2500000000000000e+01	   1.4229281249999999e+00	   2.1485937499999996e-02	
   1.2599999999999998e+01	   1.4250622751999997e+00	   2.1606512799999995e-02	
   1.2699999999999999e+01	   1.4270693282000000e+00	   2.1728114899999998e-02	
   1.2799999999999997e+01	   1.4289486911999996e+00	   2.1850745599999995e-02	
   1.2899999999999999e+01	   1.4306997762000000e+00	   2.1974406699999997e-02	
   1.3000000000000000e+01	   1.4323220000000001e+00	   2.2099099999999997e-02	
   1.3099999999999998e+01	   1.4338147842000000e+00	   2.2224827299999996e-02	
   1.3199999999999999e+01	   1.4351775552000001e+00	   2.2351590399999996e-02	
   1.3299999999999997e+01	   1.4364097442000001e+00	   2.2479391099999996e-02	
   1.3399999999999999e+01	   1.4375107871999999e+00	   2.2608231199999995e-02	
   1.3500000000000000e+01	   1.4384801249999999e+00	   2.2738112499999998e-02	
   1.3599999999999998e+01	   1.4393172031999999e+00	   2.2869036799999996e-02	
   1.3699999999999999e+01	   1.4400214722000002e+00	   2.3001005899999996e-02	
   1.3799999999999997e+01	   1.4405923872000002e+00	   2.3134021599999995e-02	
   1.3899999999999999e+01	   1.4410294081999999e+00	   2.3268085699999996e-02	
   1.4000000000000000e+01	   1.4413320000000001e+00	   2.3403199999999999e-02	
   1.4099999999999998e+01	   1.4414996322000002e+00	   2.3539366299999996e-02	
   1.4199999999999999e+01	   1.4415317792000000e+00	   2.3676586399999998e-02	
   1.4299999999999997e+01	   1.4414279201999998e+00	   2.3814862099999994e-02	
   1.4399999999999999e+01	   1.4411875392000000e+00	   2.3954195199999997e-02	
   1.4500000000000000e+01	   1.4408101250000001e+00	   2.4094587499999997e-02	
   1.4599999999999998e+01	   1.4402951711999998e+00	   2.4236040799999997e-02	
   1.4699999999999999e+01	   1.4396421762000000e+00	   2.4378556899999994e-02	
   1.4799999999999997e+01	   1.4388506431999999e+00	   2.4522137599999994e-02	
   1.4899999999999999e+01	   1.4379200802000001e+00	   2.4666784699999996e-02	
   1.5000000000000000e+01	   1.4368500000000002e+00	   2.4812499999999998e-02	
   1.5099999999999998e+01	   1.4356399201999999e+00	   2.4959285299999995e-02	
   1.5199999999999999e+01	   1.4342893632000000e+00	   2.5107142399999997e-02	
   1.5299999999999997e+01	   1.4327978562000001e+00	   2.5256073099999995e-02	
   1.5399999999999999e+01	   1.4311649312000001e+00	   2.5406079199999994e-02	
   1.5500000000000000e+01	   1.4293901249999998e+00	   2.5557162499999998e-02	
   1.5599999999999998e+01	   1.4274729792000000e+00	   2.5709324799999995e-02	
   1.5699999999999999e+01	   1.4254130402000000e+00	   2.5862567899999998e-02	
   1.5799999999999997e+01	   1.4232098592000000e+00	   2.6016893599999993e-02	
   1.5899999999999999e+01	   1.4208629922000000e+00	   2.6172303699999996e-02	
   1.6000000000000000e+01	   1.4183719999999997e+00	   2.6328799999999999e-02	
   1.6099999999999998e+01	   1.4157364482000001e+00	   2.6486384299999995e-02	
   1.6199999999999999e+01	   1.4129559072000002e+00	   2.6645058399999998e-02	
   1.6300000000000001e+01	   1.4100299521999999e+00	   2.6804824099999999e-02	
   1.6399999999999999e+01	   1.4069581632000001e+00	   2.6965683199999996e-02	
   1.6500000000000000e+01	   1.4037401250000001e+00	   2.7127637499999996e-02	
   1.6599999999999998e+01	   1.4003754271999997e+00	   2.7290688799999997e-02	
   1.6699999999999999e+01	   1.3968636642000001e+00	   2.7454838899999997e-02	
   1.6800000000000001e+01	   1.3932044351999999e+00	   2.7620089599999998e-02	
   1.6899999999999999e+01	   1.3893973441999998e+00	   2.7786442699999997e-02	
   1.7000000000000000e+01	   1.3854419999999998e+00	   2.7953899999999997e-02	
   1.7099999999999998e+01	   1.3813380162000000e+00	   2.8122463299999994e-02	
   1.7199999999999999e+01	   1.3770850111999997e+00	   2.8292134399999995e-02	
   1.7300000000000001e+01	   1.3726826081999999e+00	   2.8462915100000000e-02	
   1.7399999999999999e+01	   1.3681304351999999e+00	   2.8634807199999994e-02	
   1.7500000000000000e+01	   1.3634281249999995e+00	   2.8807812499999998e-02	
   1.7599999999999998e+01	   1.3585753152000000e+00	   2.8981932799999992e-02	
   1.7699999999999999e+01	   1.3535716482000000e+00	   2.9157169899999995e-02	
   1.7800000000000001e+01	   1.3484167711999997e+00	   2.9333525600000000e-02	
   1.7899999999999999e+01	   1.3431103362000001e+00	   2.9511001699999997e-02	
   1.8000000000000000e+01	   1.3376519999999998e+00	   2.9689600000000000e-02	
   1.8099999999999998e+01	   1.3320414242000003e+00	   2.9869322299999994e-02	
   1.8199999999999999e+01	   1.3262782752000000e+00	   3.0050170399999996e-02	
   1.8300000000000001e+01	   1.3203622242000002e+00	   3.0232146099999999e-02	
   1.8399999999999999e+01	   1.3142929471999998e+00	   3.0415251199999997e-02	
   1.8500000000000000e+01	   1.3080701249999995e+00	   3.0599487499999998e-02	
   1.8599999999999998e+01	   1.3016934432000000e+00	   3.0784856799999993e-02	
   1.8699999999999999e+01	   1.2951625921999996e+00	   3.0971360900000001e-02	
   1.8800000000000001e+01	   1.2884772671999998e+00	   3.1159001600000000e-02	
   1.8899999999999999e+01	   1.2816371682000001e+00	   3.1347780699999994e-02	
   1.9000000000000000e+01	   1.2746420000000001e+00	   3.1537699999999995e-02	
   1.9100000000000001e+01	   1.2674914722000001e+00	   3.1728761300000005e-02	
   1.9199999999999999e+01	   1.2601852992000002e+00	   3.1920966400000000e-02	
   1.9299999999999997e+01	   1.2527232002000002e+00	   3.2114317099999991e-02	
   1.9399999999999999e+01	   1.2451048992000002e+00	   3.2308815199999993e-02	
   1.9500000000000000e+01	   1.2373301250000002e+00	   3.2504462499999998e-02	
   1.9600000000000001e+01	   1.2293986111999997e+00	   3.2701260800000007e-02	
   1.9699999999999999e+01	   1.2213100961999999e+00	   3.2899211899999996e-02	
   1.9799999999999997e+01	   1.2130643232000002e+00	   3.3098317599999996e-02	
   1.9899999999999999e+01	   1.2046610401999995e+00	   3.3298579699999997e-02	
   2.0000000000000000e+01	   1.1960999999999999e+00	   3.3500000000000002e-02	
   2.0100000000000001e+01	   1.1873809601999996e+00	   3.3702580300000000e-02	
   2.0199999999999999e+01	   1.1785036831999998e+00	   3.3906322399999994e-02	
   2.0299999999999997e+01	   1.1694679362000002e+00	   3.4111228099999988e-02	
   2.0399999999999999e+01	   1.1602734911999999e+00	   3.4317299199999998e-02	
   2.0500000000000000e+01	   1.1509201249999998e+00	   3.4524537499999994e-02	
   2.0600000000000001e+01	   1.1414076191999998e+00	   3.4732944799999999e-02	
   2.0699999999999999e+01	   1.1317357602000002e+00	   3.4942522899999995e-02	
   2.0799999999999997e+01	   1.1219043391999999e+00	   3.5153273599999993e-02	
   2.0899999999999999e+01	   1.1119131522000001e+00	   3.5365198699999989e-02	
   2.1000000000000000e+01	   1.1017619999999999e+00	   3.5578300000000000e-02	
   2.1100000000000001e+01	   1.0914506881999992e+00	   3.5792579300000002e-02	
   2.1199999999999999e+01	   1.0809790271999997e+00	   3.6008038399999998e-02	
   2.1299999999999997e+01	   1.0703468321999998e+00	   3.6224679099999990e-02	
   2.1399999999999999e+01	   1.0595539232000002e+00	   3.6442503199999990e-02	
   2.1500000000000000e+01	   1.0486001250000001e+00	   3.6661512499999993e-02	
   2.1600000000000001e+01	   1.0374852671999997e+00	   3.6881708799999996e-02	
   2.1699999999999999e+01	   1.0262091842000003e+00	   3.7103093899999995e-02	
   2.1799999999999997e+01	   1.0147717152000002e+00	   3.7325669599999993e-02	
   2.1899999999999999e+01	   1.0031727042000003e+00	   3.7549437699999993e-02	
   2.2000000000000000e+01	   9.9141199999999985e-01	   3.7774400000000000e-02	
   2.2100000000000001e+01	   9.7948945619999950e-01	   3.8000558300000001e-02	
   2.2199999999999999e+01	   9.6740493119999982e-01	   3.8227914399999993e-02	
   2.2299999999999997e+01	   9.5515828820000015e-01	   3.8456470099999987e-02	
   2.2399999999999999e+01	   9.4274939520000023e-01	   3.8686227199999992e-02	
   2.2500000000000000e+01	   9.3017812499999974e-01	   3.8917187499999992e-02	
   2.2600000000000001e+01	   9.1744435519999923e-01	   3.9149352800000002e-02	
   2.2699999999999999e+01	   9.0454796820000005e-01	   3.9382724899999999e-02	
   2.2799999999999997e+01	   8.9148885120000043e-01	   3.9617305600000000e-02	
   2.2899999999999999e+01	   8.7826689619999987e-01	   3.9853096699999993e-02	
   2.3000000000000000e+01	   8.6488200000000004e-01	   4.0090099999999997e-02	
   2.3100000000000001e+01	   8.5133406419999902e-01	   4.0328317299999999e-02	
   2.3199999999999999e+01	   8.3762299520000016e-01	   4.0567750399999998e-02	
   2.3299999999999997e+01	   8.2374870420000013e-01	   4.0808401099999989e-02	
   2.3399999999999999e+01	   8.0971110719999995e-01	   4.1050271199999988e-02	
   2.3500000000000000e+01	   7.9551012499999973e-01	   4.1293362500000000e-02	
   2.3600000000000001e+01	   7.8114568320000000e-01	   4.1537676799999999e-02	
   2.3699999999999999e+01	   7.6661771219999941e-01	   4.1783215899999997e-02	
   2.3799999999999997e+01	   7.5192614720000017e-01	   4.2029981599999988e-02	
   2.3899999999999999e+01	   7.3707092819999998e-01	   4.2277975699999998e-02	
   2.4000000000000000e+01	   7.2205200000000003e-01	   4.2527200000000001e-02	
   2.4100000000000001e+01	   7.0686931219999971e-01	   4.2777656300000001e-02	
   2.4199999999999999e+01	   6.9152281919999969e-01	   4.3029346399999994e-02	
   2.4299999999999997e+01	   6.7601248020000060e-01	   4.3282272099999991e-02	
   2.4399999999999999e+01	   6.6033825919999944e-01	   4.3536435199999987e-02	
   2.4500000000000000e+01	   6.4450012499999942e-01	   4.3791837500000000e-02	
   2.4600000000000001e+01	   6.2849805119999969e-01	   4.4048480799999998e-02	
   2.4699999999999999e+01	   6.1233201620000022e-01	   4.4306366899999991e-02	
   2.4799999999999997e+01	   5.9600200320000007e-01	   4.4565497599999990e-02	
   2.4899999999999999e+01	   5.7950800019999960e-01	   4.4825874699999990e-02	
   2.5000000000000000e+01	   5.6284999999999996e-01	   4.5087500000000003e-02	
   2.5100000000000001e+01	   5.4602800019999964e-01	   4.5350375299999995e-02	
   2.5199999999999999e+01	   5.2904200320000017e-01	   4.5614502399999993e-02	
   2.5299999999999997e+01	   5.1189201620000035e-01	   4.5879883099999991e-02	
   2.5399999999999999e+01	   4.9457805119999987e-01	   4.6146519200000000e-02	
   2.5500000000000000e+01	   4.7710012499999921e-01	   4.6414412500000002e-02	
   2.5600000000000001e+01	   4.5945825919999927e-01	   4.6683564800000008e-02	
   2.5699999999999999e+01	   4.4165248020000003e-01	   4.6953977899999999e-02	
   2.5799999999999997e+01	   4.2368281920000006e-01	   4.7225653599999987e-02	
   2.5899999999999999e+01	   4.0554931220000012e-01	   4.7498593699999994e-02	
   2.6000000000000000e+01	   3.8725200000000004e-01	   4.7772799999999990e-02	
   2.6100000000000001e+01	   3.6879092820000003e-01	   4.8048274299999999e-02	
   2.6199999999999999e+01	   3.5016614719999983e-01	   4.8325018399999989e-02	
   2.6299999999999997e+01	   3.3137771220000090e-01	   4.8603034099999984e-02	
   2.6399999999999999e+01	   3.1242568319999975e-01	   4.8882323199999994e-02	
   2.6500000000000000e+01	   2.9331012499999953e-01	   4.9162887500000002e-02	
   2.6600000000000001e+01	   2.7403110719999935e-01	   4.9444728800000004e-02	
   2.6699999999999999e+01	   2.5458870419999868e-01	   4.9727848899999996e-02	
   2.6799999999999997e+01	   2.3498299520000010e-01	   5.0012249599999989e-02	
   2.6899999999999999e+01	   2.1521406419999989e-01	   5.0297932699999992e-02	
   2.7000000000000000e+01	   1.9528199999999962e-01	   5.0584899999999988e-02	
   2.7100000000000001e+01	   1.7518689619999994e-01	   5.0873153300000001e-02	
   2.7199999999999999e+01	   1.5492885119999966e-01	   5.1162694400000000e-02	
   2.7300000000000001e+01	   1.3450796819999933e-01	   5.1453525099999994e-02	
   2.7399999999999999e+01	   1.1392435519999988e-01	   5.1745647199999995e-02	
   2.7500000000000000e+01	   9.3178125000000001e-02	   5.2039062499999997e-02	
   2.7600000000000001e+01	   7.2269395200000086e-02	   5.2333772799999997e-02	
   2.7699999999999999e+01	   5.1198288200000053e-02	   5.2629779899999993e-02	
   2.7800000000000001e+01	   2.9964931200000211e-02	   5.2927085600000007e-02	
   2.7899999999999999e+01	   8.5694561999994923e-03	   5.3225691699999994e-02	
   2.8000000000000000e+01	  -1.2988000000000555e-02	   5.3525599999999993e-02	
   2.8100000000000001e+01	  -3.4707295800001536e-02	   5.3826812300000013e-02	
   2.8199999999999999e+01	  -5.6588284800000221e-02	   5.4129330399999995e-02	
   2.8300000000000001e+01	  -7.8630815800000531e-02	   5.4433156099999991e-02	
   2.8399999999999999e+01	  -1.0083473280000066e-01	   5.4738291199999997e-02	
   2.8500000000000000e+01	  -1.2319987500000018e-01	   5.5044737499999996e-02	
   2.8600000000000001e+01	  -1.4572607680000049e-01	   5.5352496799999998e-02	
   2.8699999999999999e+01	  -1.6841316779999993e-01	   5.5661570899999999e-02	
   2.8800000000000001e+01	  -1.9126097280000043e-01	   5.5971961600000009e-02	
   2.8899999999999999e+01	  -2.1426931179999908e-01	   5.6283670699999983e-02	
   2.9000000000000000e+01	  -2.3743800000000059e-01	   5.6596700000000000e-02	
   2.9100000000000001e+01	  -2.6076684780000081e-01	   5.6911051299999987e-02	
   2.9199999999999999e+01	  -2.8425566080000009e-01	   5.7226726399999997e-02	
   2.9300000000000001e+01	  -3.0790423980000015e-01	   5.7543727099999997e-02	
   2.9399999999999999e+01	  -3.3171238080000098e-01	   5.7862055199999984e-02	
   2.9500000000000000e+01	  -3.5567987500000042e-01	   5.8181712499999996e-02	
   2.9600000000000001e+01	  -3.7980650880000077e-01	   5.8502700800000002e-02	
   2.9699999999999999e+01	  -4.0409206379999951e-01	   5.8825021899999982e-02	
   2.9800000000000001e+01	  -4.2853631680000126e-01	   5.9148677599999991e-02	
   2.9899999999999999e+01	  -4.5313903980000048e-01	   5.9473669699999981e-02	
   3.0000000000000000e+01	  -4.7790000000000010e-01	   5.9800000000000006e-02	
   3.0100000000000001e+01	  -5.0281895980000135e-01	   6.0127670300000005e-02	
   3.0199999999999999e+01	  -5.2789567680000060e-01	   6.0456682400000003e-02	
   3.0300000000000001e+01	  -5.5312990380000004e-01	   6.0787038099999996e-02	
   3.0399999999999999e+01	  -5.7852138880000015e-01	   6.1118739199999994e-02	
   3.0500000000000000e+01	  -6.0406987500000053e-01	   6.1451787499999994e-02	
   3.0600000000000001e+01	  -6.2977510080000043e-01	   6.1786184799999991e-02	
   3.0699999999999999e+01	  -6.5563679980000045e-01	   6.2121932899999996e-02	
   3.0800000000000001e+01	  -6.8165470080000035e-01	   6.2459033600000005e-02	
   3.0899999999999999e+01	  -7.0782852780000127e-01	   6.2797488700000001e-02	
   3.1000000000000000e+01	  -7.3415800000000042e-01	   6.3137299999999993e-02	
   3.1100000000000001e+01	  -7.6064283180000036e-01	   6.3478469299999993e-02	
   3.1199999999999999e+01	  -7.8728273279999972e-01	   6.3820998399999995e-02	
   3.1300000000000001e+01	  -8.1407740780000071e-01	   6.4164889099999997e-02	
   3.1399999999999999e+01	  -8.4102655679999982e-01	   6.4510143199999981e-02	
   3.1500000000000000e+01	  -8.6812987500000072e-01	   6.4856762499999998e-02	
   3.1600000000000001e+01	  -8.9538705280000042e-01	   6.5204748800000004e-02	
   3.1699999999999999e+01	  -9.2279777579999955e-01	   6.5554103899999994e-02	
   3.1800000000000001e+01	  -9.5036172480000103e-01	   6.5904829599999992e-02	
   3.1899999999999999e+01	  -9.7807857580000024e-01	   6.6256927699999996e-02	
   3.2000000000000000e+01	  -1.0059480000000001e+00	   6.6610400000000000e-02	
   3.2100000000000001e+01	  -1.0339696638000020e+00	   6.6965248300000002e-02	
   3.2200000000000003e+01	  -1.0621432288000001e+00	   6.7321474399999998e-02	
   3.2299999999999997e+01	  -1.0904683518000007e+00	   6.7679080099999983e-02	
   3.2399999999999999e+01	  -1.1189446847999998e+00	   6.8038067199999996e-02	
   3.2500000000000000e+01	  -1.1475718750000001e+00	   6.8398437499999992e-02	
   3.2600000000000001e+01	  -1.1763495648000002e+00	   6.8760192799999995e-02	
   3.2700000000000003e+01	  -1.2052773918000019e+00	   6.9123334900000014e-02	
   3.2799999999999997e+01	  -1.2343549887999994e+00	   6.9487865599999990e-02	
   3.2899999999999999e+01	  -1.2635819838000009e+00	   6.9853786699999990e-02	
   3.3000000000000000e+01	  -1.2929580000000001e+00	   7.0221099999999995e-02	
   3.3100000000000001e+01	  -1.3224826558000018e+00	   7.0589807300000001e-02	
   3.3200000000000003e+01	  -1.3521555648000017e+00	   7.0959910400000006e-02	
   3.3299999999999997e+01	  -1.3819763357999992e+00	   7.1331411099999978e-02	
   3.3399999999999999e+01	  -1.4119445728000009e+00	   7.1704311199999995e-02	
   3.3500000000000000e+01	  -1.4420598750000000e+00	   7.2078612500000000e-02	
   3.3600000000000001e+01	  -1.4723218367999995e+00	   7.2454316799999988e-02	
   3.3700000000000003e+01	  -1.5027300478000019e+00	   7.2831425900000010e-02	
   3.3799999999999997e+01	  -1.5332840928000002e+00	   7.3209941599999995e-02	
   3.3899999999999999e+01	  -1.5639835518000011e+00	   7.3589865699999979e-02	
   3.4000000000000000e+01	  -1.5948280000000006e+00	   7.3971200000000001e-02	
   3.4100000000000001e+01	  -1.6258170078000007e+00	   7.4353946300000001e-02	
   3.4200000000000003e+01	  -1.6569501408000007e+00	   7.4738106399999990e-02	
   3.4299999999999997e+01	  -1.6882269597999993e+00	   7.5123682099999978e-02	
   3.4399999999999999e+01	  -1.7196470208000005e+00	   7.5510675199999988e-02	
   3.4500000000000000e+01	  -1.7512098750000011e+00	   7.5899087499999990e-02	
   3.4600000000000001e+01	  -1.7829150688000008e+00	   7.6288920799999993e-02	
   3.4700000000000003e+01	  -1.8147621438000008e+00	   7.6680176899999994e-02	
   3.4799999999999997e+01	  -1.8467506368000000e+00	   7.7072857599999989e-02	
   3.4899999999999999e+01	  -1.8788800798000014e+00	   7.7466964699999988e-02	
   3.5000000000000000e+01	  -1.9111500000000015e+00	   7.7862499999999987e-02	